$ANSIBLE_VAULT;1.1;AES256
65633765306539353633613364646365336431326439653833343530633639303037346538396539
6237626234316666376235313963383163363234623661330a346165356135646339313462663536
32313236636330393866353933323538323634323038663664383563623434343331336261636663
3161666239396463300a303232653062396536633863333036386238316238656534626230376464
38393334636633653839316533666337343935396366613431386534396563333262626134666632
34613336366436363738363364656534623164346664613364653564646163353032333562663163
34666466383065663030613934393436636533643230656338646133383866373437396565323633
61356563356163613536306339313631383834626264323536393966333231343763306632343834
62336666366264633933386631383839316130393264323663616138303239333761383766623639
33383063386362656637613535363062396366613234343239396431306236626133373133653365
66666436616562313263663736636563633532653733353866316533626539636338663035666334
61666534376630663936376433626539343139313634653239393963306431343761336232636338
64353334643330623436366336306362643766313366656366333830353339643334333234383662
37326331333635643730373732633932383465353465303463643037336536333835386564633565
66306238633733626138376432643831313839613139393435663165656336356366623532333630
33646138383130386132363863333731333538323561613865306534646265326334376538643031
62633834653632393635356534323732306532366330613734313932666336653434313038386638
64306636376333333333663337343039323933633538373232393665393835366238626335633634
35373965356432643763303862616365373964636264643931353364393937303239393063383736
33336266333131386537353532363931373134656234306563366630623230633663336435643637
36333639613733646264646361333062303439626364333261366561346166363339366163346435
37636432316538653866653834363966663966316530643431393931623162356439386365613764
63376335376338396165303134663631346330313261626439326663666437316531663334626166
66636262623535633936326365343734623563303338386563393239303138633039646436636239
38653739376438303630343033373631656534613136313863396139313766306238623431366131
36383366636166303536313830646162353866643633646261303737653132346537303963366436
65616533363839336439393731633062356632623463316165333064326437393662633262383838
34306234623034643530646532626337353537383039333831623031313665313938353563386637
61643432646535313936323764326532613265383433663933656138303861313934376361326465
31336666353938663635363866653032636435353463643261643763353863633131633939626231
34613131613337303162316563623664316631373434386662633038393265306434626366383339
35666261336236396464663737643331653339376234633038353064633664663234396231343261
36623434633739363936623936356335663333643865663037386238303563373737393130633662
61303162653465633733653034306334386238343531613432366131343733616562326363373131
62323365623639333432643561346362363565363265616532613965636463376636616165323232
32373236316661306462303038323165306234373934633235336362393230336633613866666636
66336336396366343037643336613837336438393266663432623031346132623239313064616463
62613164643630663936616565393831383961626161396339313734303137383537623763623030
65363561373033303639356466633562646432643865663462613332643835363939303134343839
63386563356530393231383737376436643830376536623464636462356562373435353839623430
33666563306637643133393933646430656666666562303163323130346436333138323337383531
63303237656263313464306461323365656130326431643635396430393533386532643163303031
30326438633861393362643364373132613762306566386537336138383165336164376230346663
61343966646633363766336165646364656464323531633331356666643332613833313165343935
64303836363466373736363932333032396466616437353366653661383464316563313337373938
37323065386537333661613635636136333462663438623265636137663237646439656438643439
36363033616263346665326463626334323930643236653032343866636236356233633239356139
33366533623536653939393932313132383030313039376364646264343934623834356163666635
64393737653330383663366664366634643538356134343438376362666363626261653631326264
64613634656466626462643033346530653139623436303730613530643138393263656335323933
33653038383565623833343934333337396232616134626665336638353563396631303434313033
63646535346638663634643830363962376564303630646164373530393737313363616531656366
62623331663438643961626165323732376265303865386437373337326636316430343764346232
65663533373165323664343038393430363463383363646336623566663039303762383930656662
37386365626531316535323162636332623237626261663763653137376338306130326364653239
66326538306533383839653961326362393462633235636634613530376666333337643662613832
31383839666133366235343363653932323139303936323166333235376163666137333330303564
38363835646561383033656261663237373132313934303632323865376533353332613738373336
65393332646638366232353234363636623733646564386566396136386630326161323337323738
64616332393464346437613439626263653262643964616234393636653335653238393333613039
39323464383966666666666662666133326561643035306234333035366361626161386365643431
37656335616364363233366132636336356463613336623439336334333362653263326537363835
37626339376262353561373334353637396564666466313038653130383031663863663130353638
64346438363931303638313131393532396238356530306539393238636366653038326533343539
33346565666131333765623238313530616565623962623965343264613230333162373235616465
39303836623030313139663635323064653465376433383533303265333235616165616164336433
61373261633535646636656336656138366466613465376338323730393434633962623365346538
30393038616137363763633435653133326636373465663062653336616434373230313233313532
37363664326235643939633166373437393163316366373561323438386164313963313837306266
33643136303230353462343964653233316639393464333865376638363362303366343238646133
66643238653638626163623033636238313962663563313238663539353361376531316536336436
32316231366135626534616364373234623439386438626332653361643861643339313930396630
64626663326634303063623139663066636530636636666661333665643661646338303730656131
37353636356330613962313234386533353937363761333235666636633466366631363634623034
65323630316366383435316535353965636563303438303633613331323665303862663339393339
62393738616131393239633231353063656531346161346537323630346363303663623936393731
37353336313333313037396164373566316436373837313264633739313939333533326361396232
38306531303366333730336635643366336136323130333933393462336432646339663832633837
32623864663561316538633762383239313339623730623837313632633532373535393134323064
64376561636165363438396663353161633639636232616630386132613537323730333938333665
35636234396334366438343933346238666535376234663661326166313237666532376430323338
36633232333438383131613434356661613666373832613837636163656638626263653062353765
35326535616238353831343030383139643366366135376437643136326234346633366138393963
35666164663331393961363665366331336363313034373836316533376135373362353937363939
61643034303330386363636264656134633964366233383837333137633438363763353334653039
63383432323838623538353637346630613438333166616135353733323064386331323837333565
38353564633535313733386331633135633062353562323739353137333761663737643162333764
30333132306236376636626230653134346237653638666330663837373132393732353162346564
37303232363239363565663635643832323135366239343638646633343136313836623035386136
38373937646231353162656161323763623232373264646439323661383338336666356366663936
37366233356230353836306636393437633535376162376565393839613866353863393862306661
36373933356461383036646565376135303230653739633062323330613864366133363430633536
66303862623264336566666637343938333330653535663637313961396638336165626231356132
63363939393462313137613335333134393736636130646466353433323833313436653162656535
62663535336264343838653861393038626463323335623430363432616235326230386137353036
64653435623331623763643931393864373131363466316232386166323730326165636639323964
62373833636638313064373233363963343965313665343130343963306664613564306138346565
36623565393062343666363264363362633563623063313739376333323133666631363935663934
63376630316232313862663433303338393062353633323337626335326265343963333234643864
63616131306539373833353530613732623437333361306335653363623337663830346164323262
31653931636231346564636166633965613936303237376139333066343336353930343861386561
66303635653862343562643532643539396636633666613231386130636364663362633831333933
65373935646563653633306331346634396435383365393761663535616434623632653766663835
37386236376233643564653938626532653662306231626336356265653064363834326266306637
34333865643862333266336334373036366233376466323566666337396633643266663933363834
63393263663766396163393332653661653531633032616636666239393036373531643062626237
37646634306234383732326266303564343439393038633364353064613933313432353935373462
32353961303862633462333835306461303065656532396332376665313262373365343964646630
30316539346137383962306665356365343137666330326265303038366535383035366661316532
32326430396435636665316337326161623934373464663233636263633638373637396639356630
65313931333861646662343338353439623862326334376538303032323765393439373633306231
35333832393463333164663037363665613633316163303339643130313938323732636562626231
61386434326239653431643363373132633065333931613463343266333036386131336339326636
37663739363633623762393866313763323537396365316439326165653737386366633761343032
36623631333435623036353663663264313835376461623433663765383237353966326666623864
61313064353435616336383465366138343632316236643632613238323937373539323566343664
66613233363436636336303335333033636231643437323238393664303932613962663630663532
38666233363130376635333464373936383331363962326132376531353732313530653238623461
39613537373262316463323338313831343036653366376461633436626261313534633532313135
64666435666639313061396330653934306130363338333737326163376233326461313930663731
33613534323866336435623137323263356661343163353138316265343962663839626535323364
32346531346536316434366230373466336331653862623430323131333261316136666466666562
36656635396263613932623564306432326635653138633535623664646531306430343630643963
61656333393666363635663438366366616666353939303962366237356130336464306631623236
37646136333664613734343364366235616564613930663337643965313066333832613762383935
62363539343862646263376264353265663762633866663636653537653762366630633762366336
38313532396531323163363765616666666230363035326464363338356437316331643034383638
37373261646562303734303334366363326131613037396264623164633630643335633061616434
62613931303366303034343633386461316363326561633765656239366562663363366339393935
34336463363861393265303039666436386638333334653963363862626462646335623830353532
32343033376365653238343265616165333437343337316263336533643631353837643333396237
39333463363637646665336339616130396465343239383636353936346237333530376535333838
30353465323236366230643564386462626531313538316466666134633534613330323535643630
30366261303063373632343163313366363765346438343537653037316330663438353062363534
62383139623863633462323061343465393565633734393866653965623330633430373839653161
65383933326263656262393039623337656538363438373933643333346531343737333036373839
61396463613064383761353639616261366637306561353966396130353735313962613264373436
3339663966343163623762306433346439383838653939643532
